13 13
581869303 890346735 586334586 545404205 161255392 922919430 949333986 715962299 323567404 418932836 350294566 196140741 809094427
264392721 348838240 112460520 279768805
144164698 156218107 117454610 676943010
168664244 213834040 111000747 471852627
84672537 427838554 275731772 437178461
20544910 609397213 483031419 811450930
747762696 933054127 402504554 772830894
120988588 163214729 427077307 816384845
153380496 551745921 646982598 910208077
11470446 926416935 712568903 915145308
181055694 254469059 39073007 191729661
684602223 812852787 746745228 815256117
296707007 735241235 32444840 424291162
136721027 359573809 189375153 747053251